10
19
    -1      0      0      0      0      0      0      0      0      0 
0.4472135954999579 0.4472135954999579 0.4472135954999579 0.223606797749979 0.223606797749979     -0 0.223606797749979 0.4472135954999579 0.223606797749979 -1.118033988749895 
0.5163977794943222 0.2581988897471611 0.5163977794943222 0.2581988897471611 0.2581988897471611     -0      0 0.5163977794943222      0 -1.032795558988644 
     0     -1      0      0      0      0      0      0      0      0 
     0     -0     -0     -0     -1      0      0      0      0      0 
-0.4082482904638631 -0.4082482904638631 -0.4082482904638631 -0.2041241452319315 -0.2041241452319315 -0.2041241452319315 -0.2041241452319315 -0.4082482904638631 -0.4082482904638631 1.224744871391589 
     0      0     -0      0 0.7071067811865475      0      0 0.7071067811865475      0 -0.7071067811865475 
0.3333333333333333 0.3333333333333333 0.3333333333333333 0.3333333333333333 0.3333333333333333 0.3333333333333333 0.3333333333333333 0.3333333333333333 0.3333333333333333 -1.333333333333333 
-0.4588314677411235 -0.4588314677411235 -0.4588314677411235 -0.2294157338705617 -0.2294157338705617      0 -0.2294157338705617 -0.4588314677411235      0 0.917662935482247 
    -0      0     -0     -0      0      0     -1      0      0      0 
    -0 0.7071067811865475 0.7071067811865475      0      0      0      0      0      0 -0.7071067811865475 
     0      0     -0     -1      0      0      0      0      0      0 
     0      0      0     -0     -0      0      0     -1     -0     -0 
0.5547001962252291 0.5547001962252291 0.2773500981126146 0.2773500981126146 0.2773500981126146      0 0.2773500981126146 0.2773500981126146     -0 -1.109400392450458 
    -0     -0     -1      0      0      0      0      0      0      0 
-0.5547001962252291 -0.5547001962252291 -0.5547001962252291 -0.2773500981126146     -0     -0     -0     -0     -0 0.5547001962252291 
0.6666666666666666 0.3333333333333333 0.3333333333333333 0.3333333333333333 0.3333333333333333      0      0 0.3333333333333333     -0     -1 
0.8944271909999159     -0     -0 0.4472135954999579     -0     -0     -0     -0     -0 -0.8944271909999159 
0.4472135954999579 0.4472135954999579 0.4472135954999579      0 0.4472135954999579      0      0 0.4472135954999579      0 -0.8944271909999159 
