10
12
-0.8164965809277261      0 -0.4082482904638631 -0.4082482904638631      0      0      0      0      0 0.8164965809277261 
    -0 0.5773502691896258      0     -0     -0     -0 0.5773502691896258     -0 0.5773502691896258 -0.5773502691896258 
0.8944271909999159     -0      0 0.4472135954999579      0      0      0      0      0 -0.8944271909999159 
    -0 0.7559289460184544      0     -0 0.3779644730092272     -0 0.3779644730092272      0 0.3779644730092272 -0.7559289460184544 
-0.4082482904638631 -0.4082482904638631 -0.4082482904638631 -0.2041241452319315 -0.2041241452319315 -0.2041241452319315 -0.2041241452319315 -0.4082482904638631 -0.4082482904638631 1.224744871391589 
0.3333333333333333 0.3333333333333333 0.3333333333333333 0.3333333333333333 0.3333333333333333 0.3333333333333333 0.3333333333333333 0.3333333333333333 0.3333333333333333 -1.333333333333333 
-0.7071067811865475     -0      0 -0.7071067811865475      0      0      0      0      0 0.7071067811865475 
    -0 -0.6324555320336759      0     -0 -0.3162277660168379      0 -0.3162277660168379     -0 -0.6324555320336759 0.6324555320336759 
    -0 0.5773502691896258 0.2886751345948129     -0 0.2886751345948129     -0 0.2886751345948129 0.2886751345948129 0.5773502691896258 -0.8660254037844388 
    -0     -1      0      0      0      0      0      0      0      0 
    -0      0     -0     -0     -0     -0      0     -1      0      0 
    -0     -0      0      0      0      0     -1     -0     -0     -0 
